>Dream id: 1
Output tree : 
((1,3),(2,4))
>Dream id: 10
Output tree : 
((((((1,10),6),(2,3)),5),(11,14)),((12,7),(13,((4,8),9))))
>Dream id: 11
Output tree : 
(((((1,24),9),13),((((((14,4),28),29),19),8),15)),(((((((((((10,(((17,20),25),26)),6),23),5),2),22),(11,3)),27),12),18),((16,7),21)))
>Dream id: 12
Output tree : 
(((1,8),((10,(((12,9),17),19)),5)),((((11,((((13,7),15),16),20)),18),((14,(2,4)),6)),3))
>Dream id: 13
Output tree : 
((1,4),(2,3))
>Dream id: 14
Output tree : 
(((((1,(14,15)),5),(12,2)),(((20,4),9),6)),((((10,21),(17,3)),(16,8)),((11,((13,19),7)),18)))
>Dream id: 15
Output tree : 
((((1,(6,7)),(2,5)),4),3)
>Dream id: 16
Output tree : 
((((1,3),(2,(4,(6,7)))),((10,8),11)),((12,9),5))
>Dream id: 17
Output tree : 
(((1,7),((12,5),4)),(((((10,(11,6)),13),9),3),(2,8)))
>Dream id: 18
Output tree : 
(((((((1,2),3),(5,6)),8),(4,9)),10),7)
>Dream id: 19
Output tree : 
(((((((1,5),8),(2,6)),9),3),(10,11)),(4,7))
>Dream id: 2
Output tree : 
((((((1,15),13),(19,(4,6))),((17,8),18)),((11,((12,9),(2,3))),(16,7))),(10,(14,5)))
>Dream id: 20
Output tree : 
((((((1,(3,6)),2),4),8),7),(5,9))
>Dream id: 21
Output tree : 
((((1,(3,(4,(5,8)))),15),(((10,2),11),13)),((((12,9),7),6),14))
>Dream id: 22
Output tree : 
((((1,6),9),((3,4),5)),(2,(7,8)))
>Dream id: 23
Output tree : 
((((1,6),13),(12,9)),((((10,3),(2,4)),8),(((11,7),14),5)))
>Dream id: 24
Output tree : 
(((((1,12),5),17),(((((11,2),(16,7)),(13,3)),(15,8)),18)),((10,(4,9)),(14,6)))
>Dream id: 25
Output tree : 
((((((((1,7),27),26),((((((11,9),15),8),18),24),25)),19),16),(((((10,((13,2),3)),5),14),20),((((12,6),4),17),21))),(22,23))
>Dream id: 26
Output tree : 
(1,(2,(3,4)))
>Dream id: 27
Output tree : 
(((1,3),(4,5)),(2,6))
>Dream id: 28
Output tree : 
((((((((1,17),11),6),2),(((10,22),13),((15,3),(21,23)))),(((12,14),9),16)),20),(((18,7),(19,5)),(4,8)))
>Dream id: 29
Output tree : 
((((((1,5),24),21),(((10,25),14),(13,((18,19),4)))),23),(((((11,7),27),28),((15,(26,6)),(16,22))),((((((12,3),20),29),9),(17,2)),8)))
>Dream id: 3
Output tree : 
((((((((1,(12,(2,(4,8)))),14),18),20),(13,3)),6),((((11,(19,7)),15),16),5)),((10,9),17))
>Dream id: 30
Output tree : 
(((((1,(5,7)),((((13,14),4),8),6)),(15,9)),(11,2)),(10,(12,3)))
>Dream id: 4
Output tree : 
((1,(2,4)),((3,6),5))
>Dream id: 5
Output tree : 
(1,(2,(3,4)))
>Dream id: 6
Output tree : 
((((1,18),((14,15),20)),(13,8)),((((10,(16,5)),(11,6)),(((17,19),(3,(4,9))),2)),(12,7)))
>Dream id: 7
Output tree : 
(((((1,2),4),7),6),(3,((5,8),9)))
>Dream id: 8
Output tree : 
((((((1,3),(19,7)),(((10,13),11),6)),8),(15,(18,2))),((12,14),((16,(17,9)),(4,5))))
>Dream id: 9
Output tree : 
((1,((10,12),7)),(((11,13),(8,9)),(((2,4),(5,6)),3)))
