Alignemnt: 1
Tree1: 1
Tree2: 2
Alignemnt cost (distance): 3
Aligned clusters:
1. (1, 2, 3, 4) <-> (1, 2, 3, 4)
Cost: 0
2. (5, 6) <-> (5, 6)
Cost: 0
3. (1, 2, 3, 4, 5, 6) <-> (1, 2, 3, 4, 5, 6)
Cost: 0
4. (8, 9) <-> (8, 9)
Cost: 0
5. (10, 8, 9) <-> (10, 8, 9)
Cost: 0
6. (1, 2) <-> (2, 4)
Cost: 2
7. (3, 4) <-> (2, 3, 4)
Cost: 1
-----------------
Alignemnt: 2
Tree1: 3
Tree2: 4
Alignemnt cost (distance): 6
Aligned clusters:
1. (1, 2) <-> (1, 2)
Cost: 0
2. (1, 2, 3, 4) <-> (1, 2, 3, 4)
Cost: 0
3. (5, 6) <-> (5, 6)
Cost: 0
4. (7, 8) <-> (7, 8)
Cost: 0
5. (5, 6, 7, 8) <-> (5, 6, 7, 8)
Cost: 0
6. (10, 11, 12, 9) <-> (10, 11, 12, 9)
Cost: 0
7. (10, 11, 12, 5, 6, 7, 8, 9) <-> (10, 11, 12, 5, 6, 7, 8, 9)
Cost: 0
8. (3, 4) <-> (1, 2, 4)
Cost: 3
9. (11, 12) <-> (12, 9)
Cost: 2
10. (10, 9) <-> (10, 12, 9)
Cost: 1
-----------------
Alignemnt: 3
Tree1: 5
Tree2: 6
Alignemnt cost (distance): 0
Aligned clusters:
1. (1, 2) <-> (1, 2)
Cost: 0
2. (3, 4) <-> (3, 4)
Cost: 0
3. (1, 2, 3, 4) <-> (1, 2, 3, 4)
Cost: 0
4. (5, 6) <-> (5, 6)
Cost: 0
5. (7, 8) <-> (7, 8)
Cost: 0
6. (5, 6, 7, 8) <-> (5, 6, 7, 8)
Cost: 0
7. (10, 9) <-> (10, 9)
Cost: 0
8. (10, 5, 6, 7, 8, 9) <-> (10, 5, 6, 7, 8, 9)
Cost: 0
-----------------
Alignemnt: 4
Tree1: 7
Tree2: 8
Alignemnt cost (distance): 0
Aligned clusters:
1. (1, 2) <-> (1, 2)
Cost: 0
2. (3, 4) <-> (3, 4)
Cost: 0
3. (1, 2, 3, 4) <-> (1, 2, 3, 4)
Cost: 0
4. (13, 14) <-> (13, 14)
Cost: 0
5. (11, 12) <-> (11, 12)
Cost: 0
6. (10, 9) <-> (10, 9)
Cost: 0
7. (10, 11, 12, 9) <-> (10, 11, 12, 9)
Cost: 0
8. (10, 11, 12, 13, 14, 9) <-> (10, 11, 12, 13, 14, 9)
Cost: 0
-----------------
Alignemnt: 5
Tree1: 9
Tree2: 10
Alignemnt cost (distance): 6
Aligned clusters:
1. (3, 4) <-> (3, 4)
Cost: 0
2. (5, 6) <-> (5, 6)
Cost: 0
3. (7, 8) <-> (7, 8)
Cost: 0
4. (5, 6, 7, 8) <-> (5, 6, 7, 8)
Cost: 0
5. (1, 2) <-> (2, 5, 6, 7, 8)
Cost: 5
6. (1, 2, 3, 4) <-> (1, 3, 4)
Cost: 1
-----------------
Alignemnt: 6
Tree1: 11
Tree2: 12
Alignemnt cost (distance): 3
Aligned clusters:
1. (1, 2) <-> (1, 2, 4)
Cost: 1
2. (3, 4) <-> (1, 4)
Cost: 2
-----------------
Alignemnt: 7
Tree1: 13
Tree2: 14
Alignemnt cost (distance): 49
Aligned clusters:
1. (3, 4) <-> (3, 4)
Cost: 0
2. (7, 8) <-> (7, 8)
Cost: 0
3. (5, 6, 7, 8) <-> (5, 6, 7, 8)
Cost: 0
4. (1, 2, 3, 4, 5, 6, 7, 8) <-> (1, 2, 3, 4, 5, 6, 7, 8)
Cost: 0
5. (13, 14) <-> (13, 14)
Cost: 0
6. (10, 12, 9) <-> (10, 12, 9)
Cost: 0
7. (19, 20) <-> (19, 20)
Cost: 0
8. (25, 26) <-> (25, 26)
Cost: 0
9. (25, 26, 27, 28) <-> (25, 26, 27, 28)
Cost: 0
10. (31, 32) <-> (31, 32)
Cost: 0
11. (33, 34) <-> (33, 34)
Cost: 0
12. (35, 36) <-> (35, 36)
Cost: 0
13. (33, 34, 35, 36) <-> (33, 34, 35, 36)
Cost: 0
14. (1, 2) <-> (5, 7, 8)
Cost: 5
15. (1, 2, 3, 4) <-> (1, 3, 4)
Cost: 1
16. (5, 6) <-> (2, 5, 6, 7, 8)
Cost: 3
17. (15, 16) <-> (13, 14, 15)
Cost: 3
18. (13, 14, 15, 16) <-> (13, 14, 15, 16, 30)
Cost: 1
19. (10, 9) <-> (10, 12)
Cost: 2
20. (10, 12, 13, 14, 15, 16, 9) <-> (10, 12, 13, 14, 15, 16, 30, 9)
Cost: 1
21. (1, 10, 12, 13, 14, 15, 16, 2, 3, 4, 5, 6, 7, 8, 9) <-> (1, 10, 12, 13, 14, 15, 16, 2, 3, 30, 4, 5, 6, 7, 8, 9)
Cost: 1
22. (17, 18) <-> (17, 19, 20)
Cost: 3
23. (17, 18, 19, 20) <-> (17, 18, 19, 20, 21)
Cost: 1
24. (21, 22) <-> (17, 19, 20, 21)
Cost: 4
25. (23, 24) <-> (24, 46)
Cost: 2
26. (21, 22, 23, 24) <-> (22, 23)
Cost: 2
27. (17, 18, 19, 20, 21, 22, 23, 24) <-> (17, 18, 19, 20, 21, 22, 23)
Cost: 1
28. (27, 28) <-> (25, 26, 27)
Cost: 3
29. (29, 30) <-> (13, 14, 15, 30)
Cost: 4
30. (29, 30, 31, 32) <-> (29, 31, 32)
Cost: 1
31. (25, 26, 27, 28, 29, 30, 31, 32) <-> (25, 26, 27, 28, 29, 31, 32)
Cost: 1
32. (17, 18, 19, 20, 21, 22, 23, 24, 25, 26, 27, 28, 29, 30, 31, 32) <-> (17, 18, 19, 20, 21, 22, 23, 25, 26, 27, 28, 29, 31, 32)
Cost: 2
33. (43, 44) <-> (24, 44, 46)
Cost: 3
34. (45, 46) <-> (24, 44, 45, 46)
Cost: 2
35. (43, 44, 45, 46) <-> (24, 43, 44, 45, 46)
Cost: 1
36. (33, 34, 35, 36, 43, 44, 45, 46) <-> (24, 33, 34, 35, 36, 43, 44, 45, 46)
Cost: 1
37. (17, 18, 19, 20, 21, 22, 23, 24, 25, 26, 27, 28, 29, 30, 31, 32, 33, 34, 35, 36, 43, 44, 45, 46) <-> (17, 18, 19, 20, 21, 22, 23, 24, 25, 26, 27, 28, 29, 31, 32, 33, 34, 35, 36, 43, 44, 45, 46)
Cost: 1
-----------------
Alignemnt: 8
Tree1: 15
Tree2: 16
Alignemnt cost (distance): 20
Aligned clusters:
1. (1, 2) <-> (1, 2)
Cost: 0
2. (3, 4) <-> (3, 4)
Cost: 0
3. (7, 8) <-> (7, 8)
Cost: 0
4. (10, 9) <-> (10, 9)
Cost: 0
5. (10, 7, 8, 9) <-> (10, 7, 8, 9)
Cost: 0
6. (1, 10, 11, 12, 13, 14, 2, 3, 4, 5, 6, 7, 8, 9) <-> (1, 10, 11, 12, 13, 14, 2, 3, 4, 5, 6, 7, 8, 9)
Cost: 0
7. (15, 16) <-> (15, 16)
Cost: 0
8. (17, 24) <-> (17, 24)
Cost: 0
9. (15, 16, 17, 24) <-> (15, 16, 17, 24)
Cost: 0
10. (5, 6) <-> (11, 12, 5, 6)
Cost: 2
11. (3, 4, 5, 6) <-> (1, 2, 3, 4)
Cost: 4
12. (1, 2, 3, 4, 5, 6) <-> (1, 13, 2, 3, 4)
Cost: 3
13. (11, 12) <-> (11, 12, 5)
Cost: 1
14. (13, 14) <-> (11, 5)
Cost: 4
15. (11, 12, 13, 14) <-> (11, 12, 14, 5, 6)
Cost: 3
16. (10, 11, 12, 13, 14, 7, 8, 9) <-> (10, 11, 12, 14, 5, 6, 7, 8, 9)
Cost: 3
-----------------
Alignemnt: 9
Tree1: 17
Tree2: 18
Alignemnt cost (distance): 11
Aligned clusters:
1. (5, 6) <-> (5, 6)
Cost: 0
2. (2, 3, 4, 5, 6, 7, 8) <-> (2, 3, 4, 5, 6, 7, 8)
Cost: 0
3. (15, 16) <-> (15, 16)
Cost: 0
4. (13, 14, 15, 16) <-> (13, 14, 15, 16)
Cost: 0
5. (10, 11, 12, 9) <-> (10, 11, 12, 9)
Cost: 0
6. (10, 11, 12, 13, 14, 15, 16, 9) <-> (10, 11, 12, 13, 14, 15, 16, 9)
Cost: 0
7. (3, 4) <-> (3, 4, 8)
Cost: 1
8. (2, 3, 4) <-> (2, 3, 4, 8)
Cost: 1
9. (7, 8) <-> (3, 8)
Cost: 2
10. (5, 6, 7, 8) <-> (5, 6, 7)
Cost: 1
11. (13, 14) <-> (14, 15, 16)
Cost: 3
12. (11, 12) <-> (10, 11)
Cost: 2
13. (10, 9) <-> (10, 11, 9)
Cost: 1
-----------------
Alignemnt: 10
Tree1: 19
Tree2: 20
Alignemnt cost (distance): 2
Aligned clusters:
1. (1, 2) <-> (1, 2)
Cost: 0
2. (5, 6) <-> (5, 6)
Cost: 0
3. (7, 8) <-> (7, 8)
Cost: 0
4. (5, 6, 7, 8) <-> (5, 6, 7, 8)
Cost: 0
5. (1, 2, 5, 6, 7, 8) <-> (1, 2, 5, 6, 7, 8)
Cost: 0
6. (10, 12, 9) <-> (10, 12, 9)
Cost: 0
7. (10, 9) <-> (10, 12)
Cost: 2
-----------------
Alignemnt: 11
Tree1: 21
Tree2: 22
Alignemnt cost (distance): 3
Aligned clusters:
1. (2, 3) <-> (2, 3)
Cost: 0
2. (1, 2, 3) <-> (1, 2, 3)
Cost: 0
3. (4, 5, 6, 7) <-> (4, 5, 6, 7)
Cost: 0
4. (4, 5) <-> (5, 6)
Cost: 2
5. (6, 7) <-> (5, 6, 7)
Cost: 1
-----------------
Alignemnt: 12
Tree1: 23
Tree2: 24
Alignemnt cost (distance): 51
Aligned clusters:
1. (14, 15) <-> (14, 15)
Cost: 0
2. (7, 8) <-> (7, 8)
Cost: 0
3. (5, 6, 7, 8) <-> (5, 6, 7, 8)
Cost: 0
4. (11, 12) <-> (11, 12)
Cost: 0
5. (10, 9) <-> (10, 9)
Cost: 0
6. (10, 11, 12, 9) <-> (10, 11, 12, 9)
Cost: 0
7. (10, 11, 12, 5, 6, 7, 8, 9) <-> (10, 11, 12, 5, 6, 7, 8, 9)
Cost: 0
8. (1, 10, 11, 12, 13, 14, 15, 16, 17, 19, 2, 3, 4, 5, 6, 7, 8, 9) <-> (1, 10, 11, 12, 13, 14, 15, 16, 17, 19, 2, 3, 4, 5, 6, 7, 8, 9)
Cost: 0
9. (22, 23) <-> (22, 23)
Cost: 0
10. (24, 25) <-> (24, 25)
Cost: 0
11. (24, 25, 26) <-> (24, 25, 26)
Cost: 0
12. (1, 2) <-> (1, 19, 2, 3, 4)
Cost: 3
13. (3, 4) <-> (1, 19, 3, 4)
Cost: 2
14. (1, 2, 3, 4) <-> (1, 17, 19, 2, 3, 4)
Cost: 2
15. (13, 14, 15) <-> (14, 15, 16)
Cost: 2
16. (16, 17) <-> (10, 11, 12, 14, 15, 16, 5, 6, 7, 8, 9)
Cost: 11
17. (16, 17, 19) <-> (19, 4)
Cost: 3
18. (13, 14, 15, 16, 17, 19) <-> (1, 10, 11, 12, 14, 15, 16, 17, 19, 2, 3, 4, 5, 6, 7, 8, 9)
Cost: 13
19. (5, 6) <-> (5, 7, 8)
Cost: 3
20. (10, 11, 12, 13, 14, 15, 16, 17, 19, 5, 6, 7, 8, 9) <-> (1, 10, 11, 12, 13, 14, 15, 16, 17, 19, 2, 20, 3, 4, 5, 6, 7, 8, 9)
Cost: 5
21. (20, 21) <-> (1, 19, 4)
Cost: 5
22. (20, 21, 22, 23) <-> (21, 22, 23)
Cost: 1
23. (20, 21, 22, 23, 24, 25, 26) <-> (21, 22, 23, 24, 25, 26)
Cost: 1
-----------------
Alignemnt: 13
Tree1: 25
Tree2: 26
Alignemnt cost (distance): 5
Aligned clusters:
1. (1, 2, 3) <-> (1, 2, 3)
Cost: 0
2. (5, 6) <-> (5, 6)
Cost: 0
3. (4, 5, 6) <-> (4, 5, 6)
Cost: 0
4. (1, 2, 3, 4, 5, 6) <-> (1, 2, 3, 4, 5, 6)
Cost: 0
5. (10, 9) <-> (10, 9)
Cost: 0
6. (10, 7, 8, 9) <-> (10, 7, 8, 9)
Cost: 0
7. (10, 14, 7, 8, 9) <-> (10, 14, 7, 8, 9)
Cost: 0
8. (1, 2) <-> (2, 3)
Cost: 2
9. (7, 8) <-> (10, 8, 9)
Cost: 3
-----------------
Alignemnt: 14
Tree1: 27
Tree2: 28
Alignemnt cost (distance): 34
Aligned clusters:
1. (1, 2) <-> (1, 2)
Cost: 0
2. (11, 12) <-> (11, 12)
Cost: 0
3. (10, 9) <-> (10, 9)
Cost: 0
4. (10, 11, 12, 9) <-> (10, 11, 12, 9)
Cost: 0
5. (1, 10, 11, 12, 2, 3, 4, 5, 6, 7, 8, 9) <-> (1, 10, 11, 12, 2, 3, 4, 5, 6, 7, 8, 9)
Cost: 0
6. (14, 15) <-> (14, 15)
Cost: 0
7. (13, 14, 15) <-> (13, 14, 15)
Cost: 0
8. (3, 4) <-> (1, 10, 11, 12, 2, 3, 4, 5, 7, 8, 9)
Cost: 9
9. (1, 2, 3, 4) <-> (1, 2, 4)
Cost: 1
10. (5, 6) <-> (5, 8)
Cost: 2
11. (7, 8) <-> (5, 7, 8)
Cost: 1
12. (5, 6, 7, 8) <-> (3, 5, 7, 8)
Cost: 2
13. (10, 11, 12, 5, 6, 7, 8, 9) <-> (1, 10, 11, 12, 17, 2, 3, 4, 5, 6, 7, 8, 9)
Cost: 5
14. (16, 17) <-> (10, 11, 12, 3, 5, 7, 8, 9)
Cost: 10
15. (18, 19) <-> (16, 18, 19)
Cost: 1
16. (16, 17, 18, 19) <-> (16, 18)
Cost: 2
17. (13, 14, 15, 16, 17, 18, 19) <-> (13, 14, 15, 16, 18, 19)
Cost: 1
-----------------
Alignemnt: 15
Tree1: 29
Tree2: 30
Alignemnt cost (distance): 0
Aligned clusters:
1. (1, 2) <-> (1, 2)
Cost: 0
2. (3, 4) <-> (3, 4)
Cost: 0
3. (1, 2, 3, 4) <-> (1, 2, 3, 4)
Cost: 0
-----------------
Alignemnt: 16
Tree1: 31
Tree2: 32
Alignemnt cost (distance): 3
Aligned clusters:
1. (3, 4) <-> (3, 4)
Cost: 0
2. (5, 6, 7, 8) <-> (5, 6, 7, 8)
Cost: 0
3. (11, 12) <-> (11, 12)
Cost: 0
4. (10, 9) <-> (10, 9)
Cost: 0
5. (10, 11, 12, 9) <-> (10, 11, 12, 9)
Cost: 0
6. (10, 11, 12, 5, 6, 7, 8, 9) <-> (10, 11, 12, 5, 6, 7, 8, 9)
Cost: 0
7. (5, 6) <-> (5, 6, 7)
Cost: 1
8. (7, 8) <-> (5, 7)
Cost: 2
-----------------
Alignemnt: 17
Tree1: 33
Tree2: 34
Alignemnt cost (distance): 6
Aligned clusters:
1. (12, 13) <-> (12, 13)
Cost: 0
2. (10, 11, 12, 13) <-> (10, 11, 12, 13)
Cost: 0
3. (14, 15) <-> (14, 15)
Cost: 0
4. (10, 11, 12, 13, 14, 15) <-> (10, 11, 12, 13, 14, 15)
Cost: 0
5. (4, 5, 6, 7) <-> (4, 5, 6, 7)
Cost: 0
6. (8, 9) <-> (8, 9)
Cost: 0
7. (4, 5, 6, 7, 8, 9) <-> (4, 5, 6, 7, 8, 9)
Cost: 0
8. (10, 11) <-> (11, 12, 13)
Cost: 3
9. (4, 5) <-> (5, 6)
Cost: 2
10. (6, 7) <-> (5, 6, 7)
Cost: 1
-----------------
Alignemnt: 18
Tree1: 35
Tree2: 36
Alignemnt cost (distance): 22
Aligned clusters:
1. (1, 2, 3, 4) <-> (1, 2, 3, 4)
Cost: 0
2. (10, 11) <-> (10, 11)
Cost: 0
3. (10, 11, 9) <-> (10, 11, 9)
Cost: 0
4. (1, 10, 11, 12, 13, 2, 3, 4, 5, 6, 7, 8, 9) <-> (1, 10, 11, 12, 13, 2, 3, 4, 5, 6, 7, 8, 9)
Cost: 0
5. (14, 15) <-> (14, 15)
Cost: 0
6. (16, 17) <-> (16, 17)
Cost: 0
7. (14, 15, 16, 17) <-> (14, 15, 16, 17)
Cost: 0
8. (18, 19, 20) <-> (18, 19, 20)
Cost: 0
9. (14, 15, 16, 17, 18, 19, 20) <-> (14, 15, 16, 17, 18, 19, 20)
Cost: 0
10. (1, 2) <-> (1, 2, 4)
Cost: 1
11. (3, 4) <-> (2, 4)
Cost: 2
12. (5, 6) <-> (12, 6, 7)
Cost: 3
13. (7, 8) <-> (12, 13, 6, 7, 8)
Cost: 3
14. (5, 6, 7, 8) <-> (12, 13, 5, 6, 7, 8)
Cost: 2
15. (1, 2, 3, 4, 5, 6, 7, 8) <-> (1, 12, 13, 2, 3, 4, 5, 6, 7, 8)
Cost: 2
16. (12, 13) <-> (12, 13, 6, 7)
Cost: 2
17. (10, 11, 12, 13, 9) <-> (12, 7)
Cost: 5
18. (18, 19) <-> (19, 20)
Cost: 2
-----------------
Alignemnt: 19
Tree1: 37
Tree2: 38
Alignemnt cost (distance): 45
Aligned clusters:
1. (10, 11) <-> (10, 11)
Cost: 0
2. (14, 15) <-> (14, 15)
Cost: 0
3. (17, 18) <-> (17, 18)
Cost: 0
4. (19, 20) <-> (19, 20)
Cost: 0
5. (17, 18, 19, 20) <-> (17, 18, 19, 20)
Cost: 0
6. (23, 24) <-> (23, 24)
Cost: 0
7. (21, 23, 24, 25, 26) <-> (21, 23, 24, 25, 26)
Cost: 0
8. (14, 15, 16, 17, 18, 19, 20, 21, 23, 24, 25, 26) <-> (14, 15, 16, 17, 18, 19, 20, 21, 23, 24, 25, 26)
Cost: 0
9. (12, 13) <-> (21, 23, 24)
Cost: 5
10. (10, 11, 12, 13) <-> (10, 11, 13)
Cost: 1
11. (6, 7) <-> (12, 6, 7, 8)
Cost: 2
12. (8, 9) <-> (6, 8)
Cost: 2
13. (6, 7, 8, 9) <-> (6, 7, 8)
Cost: 1
14. (10, 11, 12, 13, 6, 7, 8, 9) <-> (10, 11, 13, 9)
Cost: 4
15. (1, 10, 11, 12, 13, 6, 7, 8, 9) <-> (1, 10, 11, 13, 9)
Cost: 4
16. (14, 15, 16) <-> (14, 15, 17, 18, 19, 20)
Cost: 5
17. (14, 15, 16, 17, 18, 19, 20) <-> (1, 10, 11, 13, 14, 15, 16, 17, 18, 19, 20, 21, 23, 24, 25, 26, 9)
Cost: 10
18. (25, 26) <-> (21, 23, 24, 25)
Cost: 4
19. (23, 24, 25, 26) <-> (14, 15, 17, 18, 19, 20, 21, 23, 24, 25, 26)
Cost: 7
-----------------
Alignemnt: 20
Tree1: 39
Tree2: 40
Alignemnt cost (distance): 2
Aligned clusters:
1. (5, 6) <-> (5, 6)
Cost: 0
2. (7, 8, 9) <-> (7, 8, 9)
Cost: 0
3. (5, 6, 7, 8, 9) <-> (5, 6, 7, 8, 9)
Cost: 0
4. (8, 9) <-> (7, 8)
Cost: 2
-----------------
Alignemnt: 21
Tree1: 41
Tree2: 42
Alignemnt cost (distance): 3
Aligned clusters:
1. (1, 2, 3, 4) <-> (1, 2, 3, 4)
Cost: 0
2. (11, 12) <-> (11, 12)
Cost: 0
3. (10, 11, 12) <-> (10, 11, 12)
Cost: 0
4. (1, 2) <-> (1, 2, 4)
Cost: 1
5. (3, 4) <-> (1, 4)
Cost: 2
-----------------
Alignemnt: 22
Tree1: 43
Tree2: 44
Alignemnt cost (distance): 0
Aligned clusters:
1. (3, 4) <-> (3, 4)
Cost: 0
2. (5, 6) <-> (5, 6)
Cost: 0
3. (3, 4, 5, 6) <-> (3, 4, 5, 6)
Cost: 0
4. (1, 3, 4, 5, 6) <-> (1, 3, 4, 5, 6)
Cost: 0
5. (7, 8) <-> (7, 8)
Cost: 0
6. (10, 9) <-> (10, 9)
Cost: 0
7. (10, 7, 8, 9) <-> (10, 7, 8, 9)
Cost: 0
-----------------
Alignemnt: 23
Tree1: 45
Tree2: 46
Alignemnt cost (distance): 3
Aligned clusters:
1. (1, 2) <-> (1, 2)
Cost: 0
2. (1, 2, 3, 4) <-> (1, 2, 3, 4)
Cost: 0
3. (5, 6) <-> (5, 6)
Cost: 0
4. (7, 8) <-> (7, 8)
Cost: 0
5. (10, 9) <-> (10, 9)
Cost: 0
6. (10, 7, 8, 9) <-> (10, 7, 8, 9)
Cost: 0
7. (10, 5, 6, 7, 8, 9) <-> (10, 5, 6, 7, 8, 9)
Cost: 0
8. (3, 4) <-> (1, 2, 4)
Cost: 3
-----------------
Alignemnt: 24
Tree1: 47
Tree2: 48
Alignemnt cost (distance): 0
Aligned clusters:
1. (1, 2) <-> (1, 2)
Cost: 0
2. (3, 4) <-> (3, 4)
Cost: 0
3. (1, 2, 3, 4) <-> (1, 2, 3, 4)
Cost: 0
4. (5, 6) <-> (5, 6)
Cost: 0
5. (7, 8) <-> (7, 8)
Cost: 0
6. (5, 6, 7, 8) <-> (5, 6, 7, 8)
Cost: 0
7. (1, 2, 3, 4, 5, 6, 7, 8) <-> (1, 2, 3, 4, 5, 6, 7, 8)
Cost: 0
-----------------
Alignemnt: 25
Tree1: 49
Tree2: 50
Alignemnt cost (distance): 2
Aligned clusters:
1. (1, 2) <-> (1, 2)
Cost: 0
2. (3, 4) <-> (3, 4)
Cost: 0
3. (1, 2, 3, 4) <-> (1, 2, 3, 4)
Cost: 0
4. (5, 6) <-> (5, 6)
Cost: 0
5. (7, 8) <-> (7, 8)
Cost: 0
6. (5, 6, 7, 8) <-> (5, 6, 7, 8)
Cost: 0
7. (1, 2, 3, 4, 5, 6, 7, 8) <-> (1, 2, 3, 4, 5, 6, 7, 8)
Cost: 0
8. (10, 11, 9) <-> (10, 11, 9)
Cost: 0
9. (10, 11) <-> (11, 9)
Cost: 2
-----------------
Alignemnt: 26
Tree1: 51
Tree2: 52
Alignemnt cost (distance): 4
Aligned clusters:
1. (3, 4) <-> (3, 4)
Cost: 0
2. (5, 6) <-> (5, 6)
Cost: 0
3. (1, 2, 3, 4, 5, 6) <-> (1, 2, 3, 4, 5, 6)
Cost: 0
4. (10, 11) <-> (10, 11)
Cost: 0
5. (12, 13) <-> (12, 13)
Cost: 0
6. (10, 11, 12, 13) <-> (10, 11, 12, 13)
Cost: 0
7. (7, 8) <-> (7, 8)
Cost: 0
8. (7, 8, 9) <-> (7, 8, 9)
Cost: 0
9. (10, 11, 12, 13, 7, 8, 9) <-> (10, 11, 12, 13, 7, 8, 9)
Cost: 0
10. (1, 10, 11, 12, 13, 2, 3, 4, 5, 6, 7, 8, 9) <-> (1, 10, 11, 12, 13, 2, 3, 4, 5, 6, 7, 8, 9)
Cost: 0
11. (15, 16) <-> (15, 16)
Cost: 0
12. (14, 15, 16) <-> (14, 15, 16)
Cost: 0
13. (17, 18) <-> (17, 18)
Cost: 0
14. (19, 20) <-> (19, 20)
Cost: 0
15. (17, 18, 19, 20) <-> (17, 18, 19, 20)
Cost: 0
16. (14, 15, 16, 17, 18, 19, 20) <-> (14, 15, 16, 17, 18, 19, 20)
Cost: 0
17. (1, 2) <-> (2, 5, 6)
Cost: 3
18. (3, 4, 5, 6) <-> (2, 3, 4, 5, 6)
Cost: 1
-----------------
Alignemnt: 27
Tree1: 53
Tree2: 54
Alignemnt cost (distance): 10
Aligned clusters:
1. (1, 2) <-> (1, 2)
Cost: 0
2. (3, 4) <-> (3, 4)
Cost: 0
3. (5, 6, 7, 8) <-> (5, 6, 7, 8)
Cost: 0
4. (11, 12) <-> (11, 12)
Cost: 0
5. (10, 9) <-> (10, 9)
Cost: 0
6. (10, 11, 12, 9) <-> (10, 11, 12, 9)
Cost: 0
7. (1, 2, 3, 4) <-> (1, 15, 2, 3, 4)
Cost: 1
8. (5, 6) <-> (5, 6, 8)
Cost: 1
9. (7, 8) <-> (5, 8)
Cost: 2
10. (1, 2, 3, 4, 5, 6, 7, 8) <-> (1, 15, 2, 3, 4, 5, 6, 7, 8)
Cost: 1
11. (15, 16) <-> (1, 15, 2)
Cost: 3
12. (14, 15, 16) <-> (14, 16)
Cost: 1
13. (10, 11, 12, 14, 15, 16, 9) <-> (10, 11, 12, 14, 16, 9)
Cost: 1
-----------------
Alignemnt: 28
Tree1: 55
Tree2: 56
Alignemnt cost (distance): 9
Aligned clusters:
1. (1, 2) <-> (1, 2)
Cost: 0
2. (1, 2, 3, 4) <-> (1, 2, 3, 4)
Cost: 0
3. (5, 6, 7, 8) <-> (5, 6, 7, 8)
Cost: 0
4. (1, 2, 3, 4, 5, 6, 7, 8) <-> (1, 2, 3, 4, 5, 6, 7, 8)
Cost: 0
5. (10, 11, 12, 9) <-> (10, 11, 12, 9)
Cost: 0
6. (3, 4) <-> (1, 2, 4)
Cost: 3
7. (5, 6) <-> (5, 6, 7)
Cost: 1
8. (7, 8) <-> (5, 7)
Cost: 2
9. (11, 12) <-> (10, 11, 12)
Cost: 1
10. (10, 9) <-> (10, 12)
Cost: 2
-----------------
Alignemnt: 29
Tree1: 57
Tree2: 58
Alignemnt cost (distance): 22
Aligned clusters:
1. (13, 14) <-> (13, 14)
Cost: 0
2. (15, 16, 17, 18) <-> (15, 16, 17, 18)
Cost: 0
3. (13, 14, 15, 16, 17, 18) <-> (13, 14, 15, 16, 17, 18)
Cost: 0
4. (10, 11, 4, 5, 6, 7, 8, 9) <-> (10, 11, 4, 5, 6, 7, 8, 9)
Cost: 0
5. (10, 11, 13, 14, 15, 16, 17, 18, 4, 5, 6, 7, 8, 9) <-> (10, 11, 13, 14, 15, 16, 17, 18, 4, 5, 6, 7, 8, 9)
Cost: 0
6. (15, 16) <-> (15, 16, 18)
Cost: 1
7. (17, 18) <-> (15, 18)
Cost: 2
8. (4, 5) <-> (10, 11, 4, 7)
Cost: 4
9. (6, 7) <-> (4, 7)
Cost: 2
10. (4, 5, 6, 7) <-> (11, 4, 7)
Cost: 3
11. (10, 11) <-> (10, 11, 4, 7, 9)
Cost: 3
12. (8, 9) <-> (10, 11, 4, 7, 8, 9)
Cost: 4
13. (10, 11, 8, 9) <-> (10, 11, 4, 5, 7, 8, 9)
Cost: 3
-----------------
Alignemnt: 30
Tree1: 59
Tree2: 60
Alignemnt cost (distance): 34
Aligned clusters:
1. (5, 6, 7, 8) <-> (5, 6, 7, 8)
Cost: 0
2. (15, 16) <-> (15, 16)
Cost: 0
3. (1, 2) <-> (6, 8)
Cost: 4
4. (3, 4) <-> (3, 9)
Cost: 2
5. (1, 2, 3, 4) <-> (10, 3, 9)
Cost: 5
6. (5, 6) <-> (14, 2, 5, 6, 7, 8)
Cost: 4
7. (7, 8) <-> (6, 7, 8)
Cost: 1
8. (1, 2, 3, 4, 5, 6, 7, 8) <-> (14, 2, 4, 5, 6, 7, 8)
Cost: 3
9. (13, 14) <-> (14, 5, 6, 7, 8)
Cost: 5
10. (13, 14, 15, 16) <-> (10, 13, 15, 16, 3, 9)
Cost: 4
11. (10, 9) <-> (10, 15, 16, 3, 9)
Cost: 3
12. (10, 13, 14, 15, 16, 9) <-> (1, 10, 13, 15, 16, 3, 9)
Cost: 3
-----------------
Alignemnt: 31
Tree1: 61
Tree2: 62
Alignemnt cost (distance): 38
Aligned clusters:
1. (1, 3) <-> (1, 3)
Cost: 0
2. (1, 3, 6) <-> (1, 3, 6)
Cost: 0
3. (10, 9) <-> (10, 9)
Cost: 0
4. (13, 14) <-> (13, 14)
Cost: 0
5. (12, 13, 14) <-> (12, 13, 14)
Cost: 0
6. (11, 12, 13, 14) <-> (11, 12, 13, 14)
Cost: 0
7. (15, 16) <-> (15, 16)
Cost: 0
8. (18, 19) <-> (18, 19)
Cost: 0
9. (15, 16, 18, 19) <-> (15, 16, 18, 19)
Cost: 0
10. (20, 21) <-> (20, 21)
Cost: 0
11. (22, 26) <-> (22, 26)
Cost: 0
12. (20, 21, 22, 26) <-> (20, 21, 22, 26)
Cost: 0
13. (27, 29) <-> (27, 29)
Cost: 0
14. (30, 31) <-> (30, 31)
Cost: 0
15. (27, 29, 30, 31) <-> (27, 29, 30, 31)
Cost: 0
16. (20, 21, 22, 26, 27, 29, 30, 31) <-> (20, 21, 22, 26, 27, 29, 30, 31)
Cost: 0
17. (15, 16, 18, 19, 20, 21, 22, 26, 27, 29, 30, 31) <-> (15, 16, 18, 19, 20, 21, 22, 26, 27, 29, 30, 31)
Cost: 0
18. (32, 35) <-> (32, 35)
Cost: 0
19. (36, 39) <-> (36, 39)
Cost: 0
20. (32, 35, 36, 39) <-> (32, 35, 36, 39)
Cost: 0
21. (7, 8) <-> (40, 41, 42, 43, 44, 45, 46, 7, 8)
Cost: 7
22. (10, 7, 8, 9) <-> (44, 46)
Cost: 6
23. (1, 10, 3, 6, 7, 8, 9) <-> (1, 10, 3, 6, 9)
Cost: 2
24. (1, 10, 11, 12, 13, 14, 3, 6, 7, 8, 9) <-> (1, 10, 11, 12, 13, 14, 3, 6, 9)
Cost: 2
25. (1, 10, 11, 12, 13, 14, 15, 16, 18, 19, 20, 21, 22, 26, 27, 29, 3, 30, 31, 6, 7, 8, 9) <-> (1, 10, 11, 12, 13, 14, 15, 16, 18, 19, 20, 21, 22, 26, 27, 29, 3, 30, 31, 6, 9)
Cost: 2
26. (40, 41) <-> (40, 41, 42, 43, 44, 46)
Cost: 4
27. (40, 41, 42) <-> (40, 41, 42, 43, 44, 46, 7)
Cost: 4
28. (43, 44) <-> (40, 43, 44, 46)
Cost: 2
29. (45, 46) <-> (40, 42, 43, 44, 46)
Cost: 5
30. (43, 44, 45, 46) <-> (43, 44, 46)
Cost: 1
31. (40, 41, 42, 43, 44, 45, 46) <-> (40, 41, 42, 43, 44, 45, 46, 7)
Cost: 1
32. (32, 35, 36, 39, 40, 41, 42, 43, 44, 45, 46) <-> (32, 35, 36, 39, 40, 41, 42, 43, 44, 45, 46, 7, 8)
Cost: 2
-----------------
Alignemnt: 32
Tree1: 63
Tree2: 64
Alignemnt cost (distance): 0
Aligned clusters:
1. (1, 2) <-> (1, 2)
Cost: 0
2. (1, 2, 4) <-> (1, 2, 4)
Cost: 0
3. (5, 7) <-> (5, 7)
Cost: 0
4. (1, 2, 4, 5, 7) <-> (1, 2, 4, 5, 7)
Cost: 0
5. (10, 11) <-> (10, 11)
Cost: 0
6. (12, 13) <-> (12, 13)
Cost: 0
7. (10, 11, 12, 13) <-> (10, 11, 12, 13)
Cost: 0
-----------------
Alignemnt: 33
Tree1: 65
Tree2: 66
Alignemnt cost (distance): 29
Aligned clusters:
1. (17, 18, 19, 20) <-> (17, 18, 19, 20)
Cost: 0
2. (17, 18, 19, 20, 21, 22, 23, 24, 25, 26, 27) <-> (17, 18, 19, 20, 21, 22, 23, 24, 25, 26, 27)
Cost: 0
3. (28, 29) <-> (28, 29)
Cost: 0
4. (32, 33) <-> (32, 33)
Cost: 0
5. (34, 35) <-> (34, 35)
Cost: 0
6. (32, 33, 34, 35) <-> (32, 33, 34, 35)
Cost: 0
7. (30, 31, 32, 33, 34, 35) <-> (30, 31, 32, 33, 34, 35)
Cost: 0
8. (28, 29, 30, 31, 32, 33, 34, 35) <-> (28, 29, 30, 31, 32, 33, 34, 35)
Cost: 0
9. (17, 18, 19, 20, 21, 22, 23, 24, 25, 26, 27, 28, 29, 30, 31, 32, 33, 34, 35) <-> (17, 18, 19, 20, 21, 22, 23, 24, 25, 26, 27, 28, 29, 30, 31, 32, 33, 34, 35)
Cost: 0
10. (10, 11) <-> (10, 11)
Cost: 0
11. (6, 7) <-> (6, 7)
Cost: 0
12. (8, 9) <-> (8, 9)
Cost: 0
13. (6, 7, 8, 9) <-> (6, 7, 8, 9)
Cost: 0
14. (10, 11, 6, 7, 8, 9) <-> (10, 11, 6, 7, 8, 9)
Cost: 0
15. (10, 11, 4, 6, 7, 8, 9) <-> (10, 11, 4, 6, 7, 8, 9)
Cost: 0
16. (17, 18) <-> (17, 18, 19)
Cost: 1
17. (19, 20) <-> (17, 18, 19, 20, 21)
Cost: 3
18. (22, 23) <-> (18, 19)
Cost: 4
19. (21, 22, 23) <-> (17, 18, 19, 20, 21, 22)
Cost: 5
20. (17, 18, 19, 20, 21, 22, 23) <-> (17, 18, 19, 20, 21, 22, 23, 26)
Cost: 1
21. (24, 25) <-> (24, 27)
Cost: 2
22. (26, 27) <-> (17, 18, 19, 20, 21, 22, 26)
Cost: 7
23. (24, 25, 26, 27) <-> (24, 25, 27)
Cost: 1
24. (30, 31) <-> (31, 32, 33, 34, 35)
Cost: 5
-----------------
Alignemnt: 34
Tree1: 67
Tree2: 68
Alignemnt cost (distance): 0
Aligned clusters:
1. (2, 3) <-> (2, 3)
Cost: 0
2. (1, 2, 3) <-> (1, 2, 3)
Cost: 0
3. (4, 5) <-> (4, 5)
Cost: 0
4. (6, 7) <-> (6, 7)
Cost: 0
5. (4, 5, 6, 7) <-> (4, 5, 6, 7)
Cost: 0
6. (1, 2, 3, 4, 5, 6, 7) <-> (1, 2, 3, 4, 5, 6, 7)
Cost: 0
7. (12, 13) <-> (12, 13)
Cost: 0
8. (14, 15) <-> (14, 15)
Cost: 0
9. (12, 13, 14, 15) <-> (12, 13, 14, 15)
Cost: 0
-----------------
Alignemnt: 35
Tree1: 69
Tree2: 70
Alignemnt cost (distance): 13
Aligned clusters:
1. (17, 18) <-> (17, 18)
Cost: 0
2. (15, 17, 18) <-> (15, 17, 18)
Cost: 0
3. (21, 22) <-> (21, 22)
Cost: 0
4. (19, 20, 21, 22) <-> (19, 20, 21, 22)
Cost: 0
5. (15, 17, 18, 19, 20, 21, 22) <-> (15, 17, 18, 19, 20, 21, 22)
Cost: 0
6. (10, 11, 12, 13, 8, 9) <-> (10, 11, 12, 13, 8, 9)
Cost: 0
7. (19, 20) <-> (19, 21, 22)
Cost: 3
8. (11, 12) <-> (10, 12)
Cost: 2
9. (11, 12, 13) <-> (10, 11, 12, 13, 9)
Cost: 2
10. (10, 9) <-> (10, 12, 13, 9)
Cost: 2
11. (10, 8, 9) <-> (10, 12, 13)
Cost: 4
-----------------
Alignemnt: 36
Tree1: 71
Tree2: 72
Alignemnt cost (distance): 0
Aligned clusters:
1. (1, 2) <-> (1, 2)
Cost: 0
2. (3, 4) <-> (3, 4)
Cost: 0
3. (1, 2, 3, 4) <-> (1, 2, 3, 4)
Cost: 0
4. (1, 2, 3, 4, 7) <-> (1, 2, 3, 4, 7)
Cost: 0
5. (10, 11) <-> (10, 11)
Cost: 0
6. (8, 9) <-> (8, 9)
Cost: 0
7. (10, 11, 8, 9) <-> (10, 11, 8, 9)
Cost: 0
-----------------
Alignemnt: 37
Tree1: 73
Tree2: 74
Alignemnt cost (distance): 118
Aligned clusters:
1. (3, 4) <-> (1, 11, 15, 19, 3, 6, 7, 8)
Cost: 8
2. (3, 4, 5) <-> (1, 11, 12, 13, 15, 17, 19, 21, 3, 4, 5, 6, 7, 8, 9)
Cost: 12
3. (1, 3, 4, 5) <-> (1, 11, 12, 13, 15, 19, 3, 4, 5, 6, 7, 8, 9)
Cost: 9
4. (12, 13) <-> (1, 11, 12, 13, 15, 19, 3, 4, 6, 7, 8, 9)
Cost: 10
5. (11, 12, 13) <-> (1, 11, 12, 13, 15, 17, 19, 3, 4, 5, 6, 7, 8, 9)
Cost: 11
6. (6, 7) <-> (15, 19, 6, 7, 8)
Cost: 3
7. (8, 9) <-> (1, 11, 13, 15, 19, 3, 6, 7, 8, 9)
Cost: 8
8. (6, 7, 8, 9) <-> (1, 11, 15, 19, 3, 6, 7, 8, 9)
Cost: 5
9. (11, 12, 13, 6, 7, 8, 9) <-> (1, 11, 12, 13, 15, 19, 3, 6, 7, 8, 9)
Cost: 4
10. (1, 11, 12, 13, 3, 4, 5, 6, 7, 8, 9) <-> (1, 11, 12, 13, 15, 17, 18, 19, 21, 3, 4, 5, 6, 7, 8, 9)
Cost: 5
11. (14, 15) <-> (1, 15, 19, 3, 6, 7, 8)
Cost: 7
12. (16, 17) <-> (15, 19, 7)
Cost: 5
13. (14, 15, 16, 17) <-> (15, 19, 6, 7)
Cost: 6
14. (18, 19) <-> (19, 7)
Cost: 2
15. (20, 21) <-> (14, 20)
Cost: 2
16. (18, 19, 20, 21) <-> (1, 15, 19, 6, 7, 8)
Cost: 8
17. (14, 15, 16, 17, 18, 19, 20, 21) <-> (1, 11, 12, 13, 15, 16, 17, 18, 19, 21, 3, 4, 5, 6, 7, 8, 9)
Cost: 13
-----------------
Alignemnt: 38
Tree1: 75
Tree2: 76
Alignemnt cost (distance): 0
Aligned clusters:
1. (1, 2) <-> (1, 2)
Cost: 0
2. (3, 4) <-> (3, 4)
Cost: 0
3. (1, 2, 3, 4) <-> (1, 2, 3, 4)
Cost: 0
4. (5, 6) <-> (5, 6)
Cost: 0
5. (7, 8) <-> (7, 8)
Cost: 0
6. (5, 6, 7, 8) <-> (5, 6, 7, 8)
Cost: 0
-----------------
Alignemnt: 39
Tree1: 77
Tree2: 78
Alignemnt cost (distance): 10
Aligned clusters:
1. (1, 2) <-> (1, 2)
Cost: 0
2. (3, 4) <-> (3, 4)
Cost: 0
3. (1, 2, 3, 4) <-> (1, 2, 3, 4)
Cost: 0
4. (10, 5, 6, 7, 8, 9) <-> (10, 5, 6, 7, 8, 9)
Cost: 0
5. (5, 6) <-> (5, 7)
Cost: 2
6. (7, 8) <-> (5, 7, 9)
Cost: 3
7. (5, 6, 7, 8) <-> (5, 7, 8, 9)
Cost: 2
8. (10, 9) <-> (10, 5, 7, 8, 9)
Cost: 3
-----------------
Alignemnt: 40
Tree1: 79
Tree2: 80
Alignemnt cost (distance): 4
Aligned clusters:
1. (2, 3, 4) <-> (2, 3, 4)
Cost: 0
2. (5, 6) <-> (5, 6)
Cost: 0
3. (2, 3, 4, 5, 6) <-> (2, 3, 4, 5, 6)
Cost: 0
4. (1, 2, 3, 4, 5, 6) <-> (1, 2, 3, 4, 5, 6)
Cost: 0
5. (11, 12) <-> (11, 12)
Cost: 0
6. (13, 14) <-> (13, 14)
Cost: 0
7. (11, 12, 13, 14) <-> (11, 12, 13, 14)
Cost: 0
8. (10, 8, 9) <-> (10, 8, 9)
Cost: 0
9. (10, 7, 8, 9) <-> (10, 7, 8, 9)
Cost: 0
10. (10, 11, 12, 13, 14, 7, 8, 9) <-> (10, 11, 12, 13, 14, 7, 8, 9)
Cost: 0
11. (2, 3) <-> (2, 4)
Cost: 2
12. (8, 9) <-> (10, 9)
Cost: 2
-----------------
Alignemnt: 41
Tree1: 81
Tree2: 82
Alignemnt cost (distance): 10
Aligned clusters:
1. (1, 2) <-> (1, 2)
Cost: 0
2. (10, 11) <-> (10, 11)
Cost: 0
3. (8, 9) <-> (8, 9)
Cost: 0
4. (10, 11, 8, 9) <-> (10, 11, 8, 9)
Cost: 0
5. (12, 13) <-> (12, 13)
Cost: 0
6. (3, 4) <-> (1, 2, 3)
Cost: 3
7. (1, 2, 3, 4) <-> (1, 16, 2, 3, 4)
Cost: 1
8. (1, 10, 11, 2, 3, 4, 8, 9) <-> (1, 10, 11, 16, 2, 3, 4, 8, 9)
Cost: 1
9. (16, 19) <-> (1, 16, 2, 3)
Cost: 4
10. (12, 13, 16, 19) <-> (12, 13, 19)
Cost: 1
-----------------
Alignemnt: 42
Tree1: 83
Tree2: 84
Alignemnt cost (distance): 2
Aligned clusters:
1. (4, 5) <-> (1, 5)
Cost: 2
-----------------
Alignemnt: 43
Tree1: 85
Tree2: 86
Alignemnt cost (distance): 22
Aligned clusters:
1. (1, 2) <-> (1, 2)
Cost: 0
2. (1, 2, 3, 4) <-> (1, 2, 3, 4)
Cost: 0
3. (7, 8) <-> (7, 8)
Cost: 0
4. (13, 14) <-> (13, 14)
Cost: 0
5. (3, 4) <-> (1, 2, 3)
Cost: 3
6. (5, 7, 8) <-> (11, 12, 13, 14, 5)
Cost: 6
7. (1, 2, 3, 4, 5, 7, 8) <-> (1, 2, 3, 4, 7, 8)
Cost: 1
8. (11, 12) <-> (11, 12, 13, 14)
Cost: 2
9. (10, 9) <-> (11, 13, 14)
Cost: 5
10. (10, 11, 12, 9) <-> (11, 12, 13, 14, 5, 9)
Cost: 4
11. (10, 11, 12, 13, 14, 9) <-> (10, 11, 12, 13, 14, 5, 9)
Cost: 1
-----------------
Alignemnt: 44
Tree1: 87
Tree2: 88
Alignemnt cost (distance): 28
Aligned clusters:
1. (3, 4) <-> (3, 4)
Cost: 0
2. (1, 2, 3, 4) <-> (1, 2, 3, 4)
Cost: 0
3. (5, 6, 7, 8) <-> (5, 6, 7, 8)
Cost: 0
4. (1, 2, 3, 4, 5, 6, 7, 8) <-> (1, 2, 3, 4, 5, 6, 7, 8)
Cost: 0
5. (10, 11, 12, 13, 14, 15, 16, 9) <-> (10, 11, 12, 13, 14, 15, 16, 9)
Cost: 0
6. (1, 10, 11, 12, 13, 14, 15, 16, 2, 3, 4, 5, 6, 7, 8, 9) <-> (1, 10, 11, 12, 13, 14, 15, 16, 2, 3, 4, 5, 6, 7, 8, 9)
Cost: 0
7. (17, 18) <-> (17, 18)
Cost: 0
8. (19, 20) <-> (19, 20)
Cost: 0
9. (17, 18, 19, 20) <-> (17, 18, 19, 20)
Cost: 0
10. (21, 22) <-> (21, 22)
Cost: 0
11. (23, 24) <-> (23, 24)
Cost: 0
12. (21, 22, 23, 24) <-> (21, 22, 23, 24)
Cost: 0
13. (17, 18, 19, 20, 21, 22, 23, 24) <-> (17, 18, 19, 20, 21, 22, 23, 24)
Cost: 0
14. (25, 26) <-> (25, 26)
Cost: 0
15. (25, 26, 27, 28) <-> (25, 26, 27, 28)
Cost: 0
16. (29, 30) <-> (29, 30)
Cost: 0
17. (31, 32) <-> (31, 32)
Cost: 0
18. (29, 30, 31, 32) <-> (29, 30, 31, 32)
Cost: 0
19. (25, 26, 27, 28, 29, 30, 31, 32) <-> (25, 26, 27, 28, 29, 30, 31, 32)
Cost: 0
20. (17, 18, 19, 20, 21, 22, 23, 24, 25, 26, 27, 28, 29, 30, 31, 32) <-> (17, 18, 19, 20, 21, 22, 23, 24, 25, 26, 27, 28, 29, 30, 31, 32)
Cost: 0
21. (1, 2) <-> (2, 3, 4)
Cost: 3
22. (5, 6) <-> (5, 7)
Cost: 2
23. (7, 8) <-> (5, 7, 8)
Cost: 1
24. (13, 14) <-> (11, 14, 16)
Cost: 3
25. (15, 16) <-> (11, 14, 15, 16)
Cost: 2
26. (13, 14, 15, 16) <-> (11, 12, 13, 14, 15, 16)
Cost: 2
27. (11, 12) <-> (11, 12, 14, 15, 16)
Cost: 3
28. (10, 9) <-> (11, 16)
Cost: 4
29. (10, 11, 12, 9) <-> (11, 12, 13, 14, 15, 16, 9)
Cost: 5
30. (27, 28) <-> (25, 26, 27)
Cost: 3
-----------------
Alignemnt: 45
Tree1: 89
Tree2: 90
Alignemnt cost (distance): 18
Aligned clusters:
1. (1, 2) <-> (1, 2)
Cost: 0
2. (3, 4) <-> (3, 4)
Cost: 0
3. (10, 11, 13, 14, 7, 8, 9) <-> (10, 11, 13, 14, 7, 8, 9)
Cost: 0
4. (3, 4, 5) <-> (22, 3, 4, 5)
Cost: 1
5. (1, 2, 3, 4, 5) <-> (1, 2, 22, 3, 4, 5)
Cost: 1
6. (13, 14) <-> (10, 13, 14)
Cost: 1
7. (11, 13, 14) <-> (10, 14)
Cost: 3
8. (7, 8) <-> (22, 3, 4)
Cost: 5
9. (10, 9) <-> (10, 13, 14, 9)
Cost: 2
10. (10, 7, 8, 9) <-> (10, 13, 14, 7, 8, 9)
Cost: 2
11. (10, 11, 13, 14, 22, 7, 8, 9) <-> (10, 13, 14, 8, 9)
Cost: 3
-----------------
Alignemnt: 46
Tree1: 91
Tree2: 92
Alignemnt cost (distance): 2
Aligned clusters:
1. (5, 7) <-> (5, 7)
Cost: 0
2. (4, 5, 7) <-> (4, 5, 7)
Cost: 0
3. (16, 18, 19) <-> (16, 18, 19)
Cost: 0
4. (13, 14) <-> (13, 14)
Cost: 0
5. (8, 9) <-> (8, 9)
Cost: 0
6. (13, 14, 8, 9) <-> (13, 14, 8, 9)
Cost: 0
7. (13, 14, 16, 18, 19, 8, 9) <-> (13, 14, 16, 18, 19, 8, 9)
Cost: 0
8. (18, 19) <-> (16, 19)
Cost: 2
-----------------
Alignemnt: 47
Tree1: 93
Tree2: 94
Alignemnt cost (distance): 6
Aligned clusters:
1. (1, 2, 3, 4) <-> (1, 2, 3, 4)
Cost: 0
2. (5, 6, 7, 8) <-> (5, 6, 7, 8)
Cost: 0
3. (10, 9) <-> (10, 9)
Cost: 0
4. (10, 5, 6, 7, 8, 9) <-> (10, 5, 6, 7, 8, 9)
Cost: 0
5. (1, 2) <-> (1, 2, 4)
Cost: 1
6. (3, 4) <-> (1, 4)
Cost: 2
7. (5, 6) <-> (5, 6, 7)
Cost: 1
8. (7, 8) <-> (5, 7)
Cost: 2
-----------------
Alignemnt: 48
Tree1: 95
Tree2: 96
Alignemnt cost (distance): 0
Aligned clusters:
1. (1, 2) <-> (1, 2)
Cost: 0
2. (3, 4) <-> (3, 4)
Cost: 0
3. (1, 2, 3, 4) <-> (1, 2, 3, 4)
Cost: 0
4. (5, 6) <-> (5, 6)
Cost: 0
5. (1, 2, 3, 4, 5, 6) <-> (1, 2, 3, 4, 5, 6)
Cost: 0
6. (7, 8) <-> (7, 8)
Cost: 0
7. (10, 9) <-> (10, 9)
Cost: 0
8. (10, 7, 8, 9) <-> (10, 7, 8, 9)
Cost: 0
-----------------
Alignemnt: 49
Tree1: 97
Tree2: 98
Alignemnt cost (distance): 3
Aligned clusters:
1. (13, 14, 15, 16) <-> (13, 14, 15, 16)
Cost: 0
2. (11, 12) <-> (11, 12)
Cost: 0
3. (10, 9) <-> (10, 9)
Cost: 0
4. (10, 11, 12, 9) <-> (10, 11, 12, 9)
Cost: 0
5. (13, 14) <-> (13, 14, 16)
Cost: 1
6. (15, 16) <-> (13, 16)
Cost: 2
-----------------
Alignemnt: 50
Tree1: 99
Tree2: 100
Alignemnt cost (distance): 26
Aligned clusters:
1. (14, 15, 16, 18, 19, 21) <-> (14, 15, 16, 18, 19, 21)
Cost: 0
2. (5, 6) <-> (10, 4, 5, 6)
Cost: 2
3. (4, 5, 6) <-> (10, 4, 6)
Cost: 2
4. (14, 15) <-> (16, 19, 21)
Cost: 5
5. (14, 15, 16) <-> (16, 21)
Cost: 3
6. (18, 19) <-> (16, 18, 19, 21)
Cost: 2
7. (18, 19, 21) <-> (15, 16, 18, 19, 21)
Cost: 2
8. (7, 8) <-> (4, 6)
Cost: 4
9. (10, 7, 8) <-> (10, 4, 5, 6, 8)
Cost: 4
10. (10, 14, 15, 16, 18, 19, 21, 7, 8) <-> (14, 15, 16, 18, 19, 21, 7)
Cost: 2
-----------------
Alignemnt: 51
Tree1: 101
Tree2: 102
Alignemnt cost (distance): 3
Aligned clusters:
1. (17, 18) <-> (17, 18)
Cost: 0
2. (16, 17, 18) <-> (16, 17, 18)
Cost: 0
3. (21, 22) <-> (21, 22)
Cost: 0
4. (19, 20, 21, 22) <-> (19, 20, 21, 22)
Cost: 0
5. (16, 17, 18, 19, 20, 21, 22) <-> (16, 17, 18, 19, 20, 21, 22)
Cost: 0
6. (13, 14) <-> (13, 14)
Cost: 0
7. (13, 14, 15) <-> (13, 14, 15)
Cost: 0
8. (11, 12) <-> (11, 12)
Cost: 0
9. (10, 9) <-> (10, 9)
Cost: 0
10. (10, 11, 12, 9) <-> (10, 11, 12, 9)
Cost: 0
11. (10, 11, 12, 13, 14, 15, 9) <-> (10, 11, 12, 13, 14, 15, 9)
Cost: 0
12. (19, 20) <-> (20, 21, 22)
Cost: 3
-----------------
Alignemnt: 52
Tree1: 103
Tree2: 104
Alignemnt cost (distance): 0
Aligned clusters:
1. (3, 4) <-> (3, 4)
Cost: 0
2. (5, 6) <-> (5, 6)
Cost: 0
3. (5, 6, 7) <-> (5, 6, 7)
Cost: 0
-----------------
Alignemnt: 53
Tree1: 105
Tree2: 106
Alignemnt cost (distance): 3
Aligned clusters:
1. (1, 2) <-> (1, 10, 2)
Cost: 1
2. (10, 11) <-> (1, 10)
Cost: 2
-----------------
Alignemnt: 54
Tree1: 107
Tree2: 108
Alignemnt cost (distance): 0
Aligned clusters:
1. (3, 4) <-> (3, 4)
Cost: 0
2. (5, 6) <-> (5, 6)
Cost: 0
3. (3, 4, 5, 6) <-> (3, 4, 5, 6)
Cost: 0
4. (1, 3, 4, 5, 6) <-> (1, 3, 4, 5, 6)
Cost: 0
5. (7, 8) <-> (7, 8)
Cost: 0
6. (10, 9) <-> (10, 9)
Cost: 0
7. (10, 7, 8, 9) <-> (10, 7, 8, 9)
Cost: 0
-----------------
Alignemnt: 55
Tree1: 109
Tree2: 110
Alignemnt cost (distance): 23
Aligned clusters:
1. (1, 2, 3, 4) <-> (1, 2, 3, 4)
Cost: 0
2. (5, 6) <-> (5, 6)
Cost: 0
3. (1, 2, 3, 4, 5, 6) <-> (1, 2, 3, 4, 5, 6)
Cost: 0
4. (15, 16) <-> (15, 16)
Cost: 0
5. (13, 14, 15, 16) <-> (13, 14, 15, 16)
Cost: 0
6. (1, 13, 14, 15, 16, 2, 3, 4, 5, 6) <-> (1, 13, 14, 15, 16, 2, 3, 4, 5, 6)
Cost: 0
7. (17, 18, 19, 20, 21, 22, 23, 24) <-> (17, 18, 19, 20, 21, 22, 23, 24)
Cost: 0
8. (25, 26) <-> (25, 26)
Cost: 0
9. (27, 28) <-> (27, 28)
Cost: 0
10. (25, 26, 27, 28) <-> (25, 26, 27, 28)
Cost: 0
11. (29, 30) <-> (29, 30)
Cost: 0
12. (31, 32) <-> (31, 32)
Cost: 0
13. (29, 30, 31, 32) <-> (29, 30, 31, 32)
Cost: 0
14. (25, 26, 27, 28, 29, 30, 31, 32) <-> (25, 26, 27, 28, 29, 30, 31, 32)
Cost: 0
15. (17, 18, 19, 20, 21, 22, 23, 24, 25, 26, 27, 28, 29, 30, 31, 32) <-> (17, 18, 19, 20, 21, 22, 23, 24, 25, 26, 27, 28, 29, 30, 31, 32)
Cost: 0
16. (1, 2) <-> (1, 2, 3)
Cost: 1
17. (3, 4) <-> (1, 3)
Cost: 2
18. (13, 14) <-> (13, 15, 16)
Cost: 3
19. (17, 18) <-> (18, 19, 20, 21, 22, 24)
Cost: 6
20. (19, 20) <-> (19, 20, 21, 22, 24)
Cost: 3
21. (17, 18, 19, 20) <-> (17, 18, 19, 20, 21, 22, 24)
Cost: 3
22. (21, 22) <-> (20, 21, 22, 24)
Cost: 2
23. (23, 24) <-> (22, 24)
Cost: 2
24. (21, 22, 23, 24) <-> (21, 22, 24)
Cost: 1
-----------------
Alignemnt: 56
Tree1: 111
Tree2: 112
Alignemnt cost (distance): 3
Aligned clusters:
1. (3, 4) <-> (3, 4)
Cost: 0
2. (1, 2, 3, 4) <-> (1, 2, 3, 4)
Cost: 0
3. (5, 6) <-> (5, 6)
Cost: 0
4. (7, 8) <-> (7, 8)
Cost: 0
5. (5, 6, 7, 8) <-> (5, 6, 7, 8)
Cost: 0
6. (1, 2) <-> (2, 3, 4)
Cost: 3
-----------------
Alignemnt: 57
Tree1: 113
Tree2: 114
Alignemnt cost (distance): 11
Aligned clusters:
1. (1, 2) <-> (1, 2)
Cost: 0
2. (3, 4) <-> (3, 4)
Cost: 0
3. (1, 2, 3, 4) <-> (1, 2, 3, 4)
Cost: 0
4. (21, 22) <-> (21, 22)
Cost: 0
5. (23, 24) <-> (23, 24)
Cost: 0
6. (21, 22, 23, 24) <-> (21, 22, 23, 24)
Cost: 0
7. (25, 26, 27, 28, 29, 30) <-> (25, 26, 27, 28, 29, 30)
Cost: 0
8. (21, 22, 23, 24, 25, 26, 27, 28, 29, 30) <-> (21, 22, 23, 24, 25, 26, 27, 28, 29, 30)
Cost: 0
9. (13, 14) <-> (13, 14)
Cost: 0
10. (15, 16) <-> (15, 16)
Cost: 0
11. (13, 14, 15, 16) <-> (13, 14, 15, 16)
Cost: 0
12. (19, 20) <-> (19, 20)
Cost: 0
13. (17, 19, 20) <-> (17, 19, 20)
Cost: 0
14. (13, 14, 15, 16, 17, 19, 20) <-> (13, 14, 15, 16, 17, 19, 20)
Cost: 0
15. (5, 6) <-> (5, 6)
Cost: 0
16. (5, 6, 7, 8) <-> (5, 6, 7, 8)
Cost: 0
17. (12, 9) <-> (12, 9)
Cost: 0
18. (12, 5, 6, 7, 8, 9) <-> (12, 5, 6, 7, 8, 9)
Cost: 0
19. (12, 13, 14, 15, 16, 17, 19, 20, 5, 6, 7, 8, 9) <-> (12, 13, 14, 15, 16, 17, 19, 20, 5, 6, 7, 8, 9)
Cost: 0
20. (12, 13, 14, 15, 16, 17, 19, 20, 21, 22, 23, 24, 25, 26, 27, 28, 29, 30, 5, 6, 7, 8, 9) <-> (12, 13, 14, 15, 16, 17, 19, 20, 21, 22, 23, 24, 25, 26, 27, 28, 29, 30, 5, 6, 7, 8, 9)
Cost: 0
21. (25, 26) <-> (25, 26, 28, 30)
Cost: 2
22. (27, 28) <-> (26, 28)
Cost: 2
23. (25, 26, 27, 28) <-> (25, 26, 27, 28, 30)
Cost: 1
24. (29, 30) <-> (26, 28, 30)
Cost: 3
25. (7, 8) <-> (5, 6, 8)
Cost: 3
-----------------
Alignemnt: 58
Tree1: 115
Tree2: 116
Alignemnt cost (distance): 5
Aligned clusters:
1. (2, 7) <-> (2, 7)
Cost: 0
2. (13, 14, 15, 16, 2, 7, 8) <-> (13, 14, 15, 16, 2, 7, 8)
Cost: 0
3. (15, 16) <-> (13, 15, 16)
Cost: 1
4. (14, 15, 16) <-> (13, 14, 15, 16)
Cost: 1
5. (13, 8) <-> (13, 16)
Cost: 2
6. (13, 2, 7, 8) <-> (2, 7, 8)
Cost: 1
-----------------
Alignemnt: 59
Tree1: 117
Tree2: 118
Alignemnt cost (distance): 21
Aligned clusters:
1. (10, 9) <-> (10, 9)
Cost: 0
2. (1, 2) <-> (1, 15, 2)
Cost: 1
3. (3, 4) <-> (3, 4, 6)
Cost: 1
4. (1, 2, 3, 4) <-> (1, 15)
Cost: 4
5. (5, 6) <-> (4, 6)
Cost: 2
6. (5, 6, 7) <-> (3, 4, 5, 6, 7)
Cost: 2
7. (1, 2, 3, 4, 5, 6, 7) <-> (3, 4, 6, 7)
Cost: 3
8. (13, 14) <-> (1, 13, 15, 2)
Cost: 4
9. (13, 14, 15) <-> (1, 13, 14, 15, 2)
Cost: 2
10. (10, 13, 14, 15, 9) <-> (1, 10, 13, 14, 15, 2, 9)
Cost: 2
-----------------
Alignemnt: 60
Tree1: 119
Tree2: 120
Alignemnt cost (distance): 13
Aligned clusters:
1. (1, 2, 3, 4) <-> (1, 2, 3, 4)
Cost: 0
2. (5, 6) <-> (5, 6)
Cost: 0
3. (7, 8) <-> (7, 8)
Cost: 0
4. (5, 6, 7, 8) <-> (5, 6, 7, 8)
Cost: 0
5. (1, 2, 3, 4, 5, 6, 7, 8) <-> (1, 2, 3, 4, 5, 6, 7, 8)
Cost: 0
6. (13, 14) <-> (13, 14)
Cost: 0
7. (13, 14, 15, 16) <-> (13, 14, 15, 16)
Cost: 0
8. (10, 9) <-> (10, 9)
Cost: 0
9. (10, 12, 9) <-> (10, 12, 9)
Cost: 0
10. (10, 12, 13, 14, 15, 16, 9) <-> (10, 12, 13, 14, 15, 16, 9)
Cost: 0
11. (1, 10, 12, 13, 14, 15, 16, 2, 3, 4, 5, 6, 7, 8, 9) <-> (1, 10, 12, 13, 14, 15, 16, 2, 3, 4, 5, 6, 7, 8, 9)
Cost: 0
12. (17, 18, 23) <-> (17, 18, 23)
Cost: 0
13. (24, 25) <-> (24, 25)
Cost: 0
14. (26, 27) <-> (26, 27)
Cost: 0
15. (17, 18, 23, 24, 25, 26, 27) <-> (17, 18, 23, 24, 25, 26, 27)
Cost: 0
16. (28, 29) <-> (28, 29)
Cost: 0
17. (28, 29, 31) <-> (28, 29, 31)
Cost: 0
18. (28, 29, 31, 33) <-> (28, 29, 31, 33)
Cost: 0
19. (17, 18, 23, 24, 25, 26, 27, 28, 29, 31, 33) <-> (17, 18, 23, 24, 25, 26, 27, 28, 29, 31, 33)
Cost: 0
20. (1, 2) <-> (1, 2, 4)
Cost: 1
21. (3, 4) <-> (2, 4)
Cost: 2
22. (15, 16) <-> (13, 14, 15)
Cost: 3
23. (17, 18) <-> (18, 23)
Cost: 2
24. (24, 25, 26, 27) <-> (17, 18, 23, 24, 25)
Cost: 5
-----------------
Alignemnt: 61
Tree1: 121
Tree2: 122
Alignemnt cost (distance): 0
Aligned clusters:
1. (3, 4) <-> (3, 4)
Cost: 0
-----------------
Alignemnt: 62
Tree1: 123
Tree2: 124
Alignemnt cost (distance): 46
Aligned clusters:
1. (20, 21, 22, 23) <-> (20, 21, 22, 23)
Cost: 0
2. (24, 25) <-> (24, 25)
Cost: 0
3. (26, 27) <-> (26, 27)
Cost: 0
4. (24, 25, 26, 27) <-> (24, 25, 26, 27)
Cost: 0
5. (20, 21, 22, 23, 24, 25, 26, 27) <-> (20, 21, 22, 23, 24, 25, 26, 27)
Cost: 0
6. (36, 37) <-> (36, 37)
Cost: 0
7. (32, 33, 34, 35, 36, 37, 38, 39) <-> (32, 33, 34, 35, 36, 37, 38, 39)
Cost: 0
8. (40, 41) <-> (40, 41)
Cost: 0
9. (46, 47) <-> (46, 47)
Cost: 0
10. (10, 11, 12, 13) <-> (10, 11, 12, 13)
Cost: 0
11. (10, 11, 12, 13, 17) <-> (10, 11, 12, 13, 17)
Cost: 0
12. (20, 21) <-> (20, 23)
Cost: 2
13. (22, 23) <-> (20, 22, 23)
Cost: 1
14. (32, 33) <-> (32, 33, 35, 36, 37, 38)
Cost: 4
15. (34, 35) <-> (35, 36, 37)
Cost: 3
16. (32, 33, 34, 35) <-> (32, 33, 34, 35, 36, 37, 38)
Cost: 3
17. (38, 39) <-> (32, 35, 36, 37)
Cost: 6
18. (36, 37, 38, 39) <-> (32, 35, 36, 37, 38)
Cost: 3
19. (42, 43) <-> (40, 41, 42, 45)
Cost: 4
20. (40, 41, 42, 43) <-> (40, 41, 42)
Cost: 1
21. (44, 45) <-> (3, 40, 41, 42, 44, 45)
Cost: 4
22. (44, 45, 46, 47) <-> (43, 46, 47)
Cost: 3
23. (40, 41, 42, 43, 44, 45, 46, 47) <-> (3, 40, 41, 42, 43, 44, 45, 46, 47)
Cost: 1
24. (32, 33, 34, 35, 36, 37, 38, 39, 40, 41, 42, 43, 44, 45, 46, 47) <-> (3, 32, 33, 34, 35, 36, 37, 38, 39, 40, 41, 42, 43, 44, 45, 46, 47)
Cost: 1
25. (20, 21, 22, 23, 24, 25, 26, 27, 32, 33, 34, 35, 36, 37, 38, 39, 40, 41, 42, 43, 44, 45, 46, 47) <-> (20, 21, 22, 23, 24, 25, 26, 27, 3, 32, 33, 34, 35, 36, 37, 38, 39, 40, 41, 42, 43, 44, 45, 46, 47)
Cost: 1
26. (10, 11) <-> (11, 13)
Cost: 2
27. (12, 13) <-> (11, 12, 13)
Cost: 1
28. (3, 4) <-> (3, 40, 41, 42, 45)
Cost: 5
29. (10, 11, 12, 13, 17, 3, 4) <-> (10, 11, 12, 13, 17, 4)
Cost: 1
-----------------
Alignemnt: 63
Tree1: 125
Tree2: 126
Alignemnt cost (distance): 0
Aligned clusters:
1. (1, 2) <-> (1, 2)
Cost: 0
2. (1, 2, 3) <-> (1, 2, 3)
Cost: 0
3. (5, 6) <-> (5, 6)
Cost: 0
4. (5, 6, 7) <-> (5, 6, 7)
Cost: 0
-----------------
Alignemnt: 64
Tree1: 127
Tree2: 128
Alignemnt cost (distance): 5
Aligned clusters:
1. (3, 4) <-> (3, 4)
Cost: 0
2. (5, 6) <-> (5, 6)
Cost: 0
3. (7, 8) <-> (7, 8)
Cost: 0
4. (1, 2) <-> (1, 7, 8)
Cost: 3
5. (1, 2, 3, 4) <-> (2, 3, 4)
Cost: 1
6. (5, 6, 7, 8) <-> (1, 5, 6, 7, 8)
Cost: 1
-----------------
Alignemnt: 65
Tree1: 129
Tree2: 130
Alignemnt cost (distance): 0
Aligned clusters:
1. (10, 7) <-> (10, 7)
Cost: 0
-----------------
Alignemnt: 66
Tree1: 131
Tree2: 132
Alignemnt cost (distance): 115
Aligned clusters:
1. (3, 4) <-> (3, 4)
Cost: 0
2. (1, 2) <-> (1, 7)
Cost: 2
3. (1, 2, 3, 4) <-> (1, 3, 4, 6, 7)
Cost: 3
4. (6, 7) <-> (1, 6, 7)
Cost: 1
5. (1, 2, 3, 4, 6, 7) <-> (1, 12, 3, 4, 6, 7)
Cost: 2
6. (12, 14) <-> (10, 14, 17, 18, 19, 20, 22, 25, 8, 9)
Cost: 10
7. (10, 9) <-> (10, 17, 18, 20, 25, 9)
Cost: 4
8. (10, 8, 9) <-> (10, 17, 18, 20, 22, 25, 8, 9)
Cost: 5
9. (10, 12, 14, 8, 9) <-> (10, 14, 17, 18, 20, 22, 25, 8, 9)
Cost: 6
10. (1, 10, 12, 14, 2, 3, 4, 6, 7, 8, 9) <-> (10, 14, 17, 18, 19, 2, 20, 22, 23, 24, 25, 28, 8, 9)
Cost: 15
11. (16, 17) <-> (17, 20)
Cost: 2
12. (19, 20) <-> (17, 18, 20)
Cost: 3
13. (18, 19, 20) <-> (10, 17, 18, 20)
Cost: 3
14. (16, 17, 18, 19, 20) <-> (10, 14, 16, 17, 18, 19, 2, 20, 22, 23, 24, 25, 28, 8, 9)
Cost: 10
15. (21, 22) <-> (10, 17, 18, 20, 22, 25, 9)
Cost: 7
16. (23, 24) <-> (10, 14, 17, 18, 19, 20, 22, 23, 24, 25, 28, 8, 9)
Cost: 11
17. (21, 22, 23, 24) <-> (10, 14, 17, 18, 19, 20, 22, 23, 25, 8, 9)
Cost: 11
18. (25, 28) <-> (10, 17, 18, 20, 25)
Cost: 5
19. (21, 22, 23, 24, 25, 28) <-> (10, 14, 17, 18, 19, 20, 22, 23, 25, 28, 8, 9)
Cost: 10
20. (16, 17, 18, 19, 20, 21, 22, 23, 24, 25, 28) <-> (10, 14, 16, 17, 18, 19, 2, 20, 21, 22, 23, 24, 25, 28, 8, 9)
Cost: 5
-----------------
Alignemnt: 67
Tree1: 133
Tree2: 134
Alignemnt cost (distance): 12
Aligned clusters:
1. (1, 2, 4, 5, 7, 8) <-> (1, 2, 4, 5, 7, 8)
Cost: 0
2. (11, 12) <-> (11, 12)
Cost: 0
3. (11, 12, 9) <-> (11, 12, 9)
Cost: 0
4. (1, 2) <-> (1, 2, 4, 5)
Cost: 2
5. (1, 2, 4) <-> (1, 4, 5)
Cost: 2
6. (7, 8) <-> (1, 4)
Cost: 4
7. (5, 7, 8) <-> (1, 2, 4, 5, 7)
Cost: 4
-----------------
Alignemnt: 68
Tree1: 135
Tree2: 136
Alignemnt cost (distance): 6
Aligned clusters:
1. (14, 15) <-> (14, 15)
Cost: 0
2. (10, 11) <-> (10, 11)
Cost: 0
3. (10, 11, 12, 13) <-> (10, 11, 12, 13)
Cost: 0
4. (4, 5) <-> (4, 5)
Cost: 0
5. (3, 4, 5) <-> (3, 4, 5)
Cost: 0
6. (6, 7, 8, 9) <-> (6, 7, 8, 9)
Cost: 0
7. (3, 4, 5, 6, 7, 8, 9) <-> (3, 4, 5, 6, 7, 8, 9)
Cost: 0
8. (10, 11, 12, 13, 3, 4, 5, 6, 7, 8, 9) <-> (10, 11, 12, 13, 3, 4, 5, 6, 7, 8, 9)
Cost: 0
9. (12, 13) <-> (10, 11, 12)
Cost: 3
10. (6, 7) <-> (7, 8)
Cost: 2
11. (8, 9) <-> (7, 8, 9)
Cost: 1
-----------------
Alignemnt: 69
Tree1: 137
Tree2: 138
Alignemnt cost (distance): 3
Aligned clusters:
1. (1, 2) <-> (1, 2)
Cost: 0
2. (3, 4, 5, 6) <-> (3, 4, 5, 6)
Cost: 0
3. (1, 2, 3, 4, 5, 6) <-> (1, 2, 3, 4, 5, 6)
Cost: 0
4. (11, 12) <-> (11, 12)
Cost: 0
5. (7, 8) <-> (7, 8)
Cost: 0
6. (10, 9) <-> (10, 9)
Cost: 0
7. (10, 7, 8, 9) <-> (10, 7, 8, 9)
Cost: 0
8. (10, 11, 12, 7, 8, 9) <-> (10, 11, 12, 7, 8, 9)
Cost: 0
9. (3, 4) <-> (3, 5)
Cost: 2
10. (5, 6) <-> (3, 5, 6)
Cost: 1
-----------------
Alignemnt: 70
Tree1: 139
Tree2: 140
Alignemnt cost (distance): 8
Aligned clusters:
1. (3, 4) <-> (3, 4)
Cost: 0
2. (1, 2, 3, 4) <-> (1, 2, 3, 4)
Cost: 0
3. (5, 6) <-> (5, 6)
Cost: 0
4. (7, 8) <-> (7, 8)
Cost: 0
5. (5, 6, 7, 8) <-> (5, 6, 7, 8)
Cost: 0
6. (1, 2, 3, 4, 5, 6, 7, 8) <-> (1, 2, 3, 4, 5, 6, 7, 8)
Cost: 0
7. (14, 15) <-> (14, 15)
Cost: 0
8. (12, 13, 14, 15) <-> (12, 13, 14, 15)
Cost: 0
9. (10, 11, 9) <-> (10, 11, 9)
Cost: 0
10. (10, 11, 12, 13, 14, 15, 9) <-> (10, 11, 12, 13, 14, 15, 9)
Cost: 0
11. (1, 2) <-> (2, 3, 4)
Cost: 3
12. (12, 13) <-> (13, 14, 15)
Cost: 3
13. (10, 9) <-> (10, 11)
Cost: 2
-----------------
Alignemnt: 71
Tree1: 141
Tree2: 142
Alignemnt cost (distance): 7
Aligned clusters:
1. (1, 2) <-> (1, 2)
Cost: 0
2. (3, 4) <-> (3, 4)
Cost: 0
3. (1, 2, 3, 4) <-> (1, 2, 3, 4)
Cost: 0
4. (5, 6) <-> (5, 6)
Cost: 0
5. (5, 6, 8) <-> (5, 6, 8)
Cost: 0
6. (1, 2, 3, 4, 5, 6, 8) <-> (1, 2, 3, 4, 5, 6, 8)
Cost: 0
7. (16, 17) <-> (16, 17)
Cost: 0
8. (16, 17, 18, 19, 20) <-> (16, 17, 18, 19, 20)
Cost: 0
9. (11, 14, 15, 9) <-> (11, 14, 15, 9)
Cost: 0
10. (11, 14, 15, 16, 17, 18, 19, 20, 9) <-> (11, 14, 15, 16, 17, 18, 19, 20, 9)
Cost: 0
11. (16, 17, 18) <-> (16, 17, 18, 20)
Cost: 1
12. (19, 20) <-> (16, 17, 20)
Cost: 3
13. (14, 15) <-> (14, 15, 9)
Cost: 1
14. (11, 9) <-> (15, 9)
Cost: 2
-----------------
Alignemnt: 72
Tree1: 143
Tree2: 144
Alignemnt cost (distance): 6
Aligned clusters:
1. (3, 4) <-> (3, 4)
Cost: 0
2. (1, 2, 3, 4) <-> (1, 2, 3, 4)
Cost: 0
3. (5, 6) <-> (5, 6)
Cost: 0
4. (1, 2, 3, 4, 5, 6) <-> (1, 2, 3, 4, 5, 6)
Cost: 0
5. (11, 12) <-> (11, 12)
Cost: 0
6. (11, 12, 13) <-> (11, 12, 13)
Cost: 0
7. (7, 8) <-> (7, 8)
Cost: 0
8. (10, 9) <-> (10, 9)
Cost: 0
9. (10, 7, 8, 9) <-> (10, 7, 8, 9)
Cost: 0
10. (10, 11, 12, 13, 7, 8, 9) <-> (10, 11, 12, 13, 7, 8, 9)
Cost: 0
11. (1, 10, 11, 12, 13, 2, 3, 4, 5, 6, 7, 8, 9) <-> (1, 10, 11, 12, 13, 2, 3, 4, 5, 6, 7, 8, 9)
Cost: 0
12. (15, 16, 19, 20) <-> (15, 16, 19, 20)
Cost: 0
13. (1, 2) <-> (1, 3, 4)
Cost: 3
14. (15, 16) <-> (15, 16, 20)
Cost: 1
15. (19, 20) <-> (16, 20)
Cost: 2
-----------------
Alignemnt: 73
Tree1: 145
Tree2: 146
Alignemnt cost (distance): 7
Aligned clusters:
1. (1, 2, 3, 4) <-> (1, 2, 3, 4)
Cost: 0
2. (5, 6, 8) <-> (5, 6, 8)
Cost: 0
3. (1, 2, 3, 4, 5, 6, 8) <-> (1, 2, 3, 4, 5, 6, 8)
Cost: 0
4. (11, 12) <-> (11, 12)
Cost: 0
5. (13, 14) <-> (13, 14)
Cost: 0
6. (11, 12, 13, 14) <-> (11, 12, 13, 14)
Cost: 0
7. (15, 17, 18) <-> (15, 17, 18)
Cost: 0
8. (11, 12, 13, 14, 15, 17, 18) <-> (11, 12, 13, 14, 15, 17, 18)
Cost: 0
9. (1, 11, 12, 13, 14, 15, 17, 18, 2, 3, 4, 5, 6, 8) <-> (1, 11, 12, 13, 14, 15, 17, 18, 2, 3, 4, 5, 6, 8)
Cost: 0
10. (19, 20) <-> (19, 20)
Cost: 0
11. (21, 22) <-> (21, 22)
Cost: 0
12. (19, 20, 21, 22) <-> (19, 20, 21, 22)
Cost: 0
13. (23, 24) <-> (23, 24)
Cost: 0
14. (25, 26) <-> (25, 26)
Cost: 0
15. (23, 24, 25, 26) <-> (23, 24, 25, 26)
Cost: 0
16. (19, 20, 21, 22, 23, 24, 25, 26) <-> (19, 20, 21, 22, 23, 24, 25, 26)
Cost: 0
17. (27, 28) <-> (27, 28)
Cost: 0
18. (29, 30) <-> (29, 30)
Cost: 0
19. (27, 28, 29, 30) <-> (27, 28, 29, 30)
Cost: 0
20. (19, 20, 21, 22, 23, 24, 25, 26, 27, 28, 29, 30) <-> (19, 20, 21, 22, 23, 24, 25, 26, 27, 28, 29, 30)
Cost: 0
21. (1, 2) <-> (2, 4)
Cost: 2
22. (3, 4) <-> (2, 3, 4)
Cost: 1
23. (5, 6) <-> (6, 8)
Cost: 2
24. (17, 18) <-> (15, 18)
Cost: 2
-----------------
Alignemnt: 74
Tree1: 147
Tree2: 148
Alignemnt cost (distance): 17
Aligned clusters:
1. (1, 3, 4, 5) <-> (1, 3, 4, 5)
Cost: 0
2. (12, 13) <-> (12, 13)
Cost: 0
3. (6, 7) <-> (6, 7)
Cost: 0
4. (8, 9) <-> (8, 9)
Cost: 0
5. (10, 12, 13, 6, 7, 8, 9) <-> (10, 12, 13, 6, 7, 8, 9)
Cost: 0
6. (1, 10, 12, 13, 3, 4, 5, 6, 7, 8, 9) <-> (1, 10, 12, 13, 3, 4, 5, 6, 7, 8, 9)
Cost: 0
7. (22, 23) <-> (22, 23)
Cost: 0
8. (22, 23, 25) <-> (22, 23, 25)
Cost: 0
9. (28, 29, 30, 31) <-> (28, 29, 30, 31)
Cost: 0
10. (14, 15, 22, 23, 25, 26, 27, 28, 29, 30, 31) <-> (14, 15, 22, 23, 25, 26, 27, 28, 29, 30, 31)
Cost: 0
11. (4, 5) <-> (1, 4, 5)
Cost: 1
12. (3, 4, 5) <-> (1, 4)
Cost: 3
13. (10, 12, 13) <-> (10, 8, 9)
Cost: 4
14. (6, 7, 8, 9) <-> (10, 6, 7, 8, 9)
Cost: 1
15. (14, 15) <-> (14, 15, 26)
Cost: 1
16. (26, 27) <-> (15, 26)
Cost: 2
17. (28, 29) <-> (28, 29, 31)
Cost: 1
18. (30, 31) <-> (28, 31)
Cost: 2
19. (26, 27, 28, 29, 30, 31) <-> (27, 28, 29, 30, 31)
Cost: 1
20. (22, 23, 25, 26, 27, 28, 29, 30, 31) <-> (22, 23, 25, 27, 28, 29, 30, 31)
Cost: 1
-----------------
Alignemnt: 75
Tree1: 149
Tree2: 150
Alignemnt cost (distance): 12
Aligned clusters:
1. (1, 2) <-> (1, 2)
Cost: 0
2. (1, 2, 3, 4) <-> (1, 2, 3, 4)
Cost: 0
3. (5, 6) <-> (5, 6)
Cost: 0
4. (13, 14, 15) <-> (13, 14, 15)
Cost: 0
5. (27, 28) <-> (27, 28)
Cost: 0
6. (29, 30) <-> (29, 30)
Cost: 0
7. (27, 28, 29, 30) <-> (27, 28, 29, 30)
Cost: 0
8. (3, 4) <-> (1, 2, 4)
Cost: 3
9. (5, 6, 7) <-> (23, 5, 6, 7)
Cost: 1
10. (1, 2, 3, 4, 5, 6, 7) <-> (1, 2, 23, 3, 4, 5, 6, 7)
Cost: 1
11. (13, 14) <-> (13, 15)
Cost: 2
12. (1, 13, 14, 15, 2, 3, 4, 5, 6, 7) <-> (1, 13, 14, 15, 2, 23, 3, 4, 5, 6, 7)
Cost: 1
13. (23, 24) <-> (23, 5, 6)
Cost: 3
14. (23, 24, 27, 28, 29, 30) <-> (24, 27, 28, 29, 30)
Cost: 1
-----------------
Alignemnt: 76
Tree1: 151
Tree2: 152
Alignemnt cost (distance): 0
Aligned clusters:
1. (3, 4) <-> (3, 4)
Cost: 0
-----------------
